state_3_0_0_0_1_1_0=55.441116
state_3_1_0_1_0_0_0=6.30099
state_2_0_0_0_1_1_0=43.463318
state_3_1_0_1_1_0_2=0.1805
state_3_1_0_1_0_0_1=0.05
state_1_1_0_1_0_0_0=14.28882
state_3_1_1_1_1_1_2=0.033333335
state_2_1_0_1_0_0_0=0.033333335
state_3_1_1_1_1_1_0=0.05
state_1_0_0_0_1_1_0=63.577892
state_1_1_0_1_0_0_1=12.13745
state_1_1_0_0_0_1_1=15.315303
state_1_0_0_1_0_1_1=12.0
state_2_1_0_0_0_1_1=0.22600001
state_2_1_0_0_0_1_0=0.24745
state_1_0_0_1_0_1_0=15.8595
state_1_1_0_0_0_1_0=21.732327
state_3_1_0_1_1_0_1=0.40947354
state_2_1_0_1_1_0_0=0.5112839
state_3_1_0_1_1_0_0=0.77385765
state_2_1_0_1_1_0_2=15.0435505
state_1_1_0_1_1_0_0=8.645148
state_1_1_0_1_1_0_2=0.19
state_1_0_0_1_1_0_1=0.7175705
state_1_1_0_0_1_0_0=0.6057875
state_2_1_0_0_1_0_0=4.662445
state_2_0_0_1_1_0_2=0.32306
state_1_1_1_0_1_1_0=8.166667
state_2_0_0_1_1_0_0=0.1855
state_2_0_1_1_1_1_2=35.019505
state_1_1_0_0_1_0_1=0.05
state_1_0_0_1_1_0_0=46.11827
state_3_0_1_1_1_1_1=0.055
state_3_0_0_1_0_0_0=7.4860926
state_3_0_0_1_0_0_1=0.36577
state_2_0_0_1_0_0_0=0.1
state_1_1_1_0_0_1_0=10.1
state_3_1_0_0_0_0_0=0.37631983
state_3_1_0_0_0_0_1=0.1
state_2_0_0_0_0_1_0=16.238947
state_1_0_0_0_0_1_0=11.047034
state_3_0_0_0_0_1_0=2.1958458
state_1_0_0_0_0_1_1=14.108193
state_2_0_0_0_0_1_1=0.1805
state_3_1_0_0_1_0_0=0.7293647
state_3_0_0_1_1_0_1=0.1355
state_2_0_1_1_1_1_0=20.1
state_3_0_0_1_1_0_0=10.205306
state_3_1_0_0_1_0_1=0.05
state_3_0_0_0_1_0_0=27.050797
state_3_0_0_0_1_0_1=0.1
state_2_0_0_0_1_0_0=65.128105
state_2_1_0_1_1_1_2=30.087101
state_2_0_0_0_1_0_1=0.1
state_1_0_1_0_1_1_0=25.237
state_3_1_0_1_1_1_2=0.1813
state_3_1_0_1_0_1_1=0.1
state_3_1_0_1_0_1_0=0.428059
state_3_1_0_1_1_1_1=34.612377
state_1_0_0_0_1_0_0=8.5414715
state_1_0_0_0_1_0_1=0.271
state_1_1_0_1_0_1_1=12.07
state_1_1_0_1_0_1_0=13.4101
state_3_0_1_0_0_1_0=0.1
state_2_1_0_0_0_0_1=0.21723333
state_1_0_0_1_0_0_0=9.843772
state_2_1_0_0_0_0_0=4.878059
state_1_0_0_1_0_0_1=0.1
state_1_1_0_0_0_0_0=4.1335316
state_1_1_0_0_0_0_1=8.108839
state_3_1_0_1_1_1_0=0.5027785
state_2_1_0_1_1_1_0=54.49752
state_1_1_0_1_1_1_0=84.76856
state_1_0_0_1_1_1_0=117.00721
state_2_0_0_1_1_1_2=0.145
state_3_0_0_1_1_1_2=50.57405
state_2_0_0_1_1_1_0=131.50581
state_2_1_0_0_1_1_0=8.050356
state_1_1_0_0_1_1_0=23.695786
state_1_1_0_0_1_1_1=19.1
state_3_0_0_1_0_1_0=13.0609
state_3_0_0_1_0_1_1=12.045
state_2_0_0_1_0_1_0=0.095
state_3_1_0_0_0_1_0=3.822238
state_2_0_0_0_0_0_1=0.123333335
state_1_0_0_0_0_0_0=15.642432
state_2_0_0_0_0_0_0=5.142002
state_1_0_0_0_0_0_1=6.0281553
state_3_0_0_0_0_0_0=5.6538024
state_3_0_1_1_1_0_0=20.1
state_3_0_0_1_1_1_0=0.38106367
state_3_0_0_1_1_1_1=130.71846
state_3_1_0_0_1_1_1=0.1
state_3_1_0_0_1_1_0=29.80866
