state_3_1_0_1_1_0_2=0.32302177
state_1_1_0_0_0_1_1=10.856864
state_2_1_0_0_0_1_1=0.33170497
state_2_1_0_0_0_1_0=19.168709
state_1_1_0_0_0_1_0=40.77124
state_3_1_0_1_1_0_1=1.1997571
state_2_1_0_1_1_0_0=62.02882
state_3_1_0_1_1_0_0=2.8772485
state_2_1_0_1_1_0_2=0.10533333
state_1_1_0_1_1_0_0=0.89236516
state_1_1_0_1_1_0_2=0.6806441
state_1_0_0_1_1_0_1=21.310238
state_2_0_0_1_1_0_2=0.28310502
state_1_0_0_1_1_0_2=0.63683367
state_1_1_1_0_1_1_0=0.05
state_2_0_0_1_1_0_0=0.328105
state_1_0_0_1_1_0_0=6.6092625
state_3_1_0_0_0_0_0=3.0816152
state_1_0_1_1_0_1_0=15.8
state_3_1_0_0_0_0_1=0.57380855
state_2_0_0_0_0_1_0=3.6838367
state_1_0_0_0_0_1_0=7.213382
state_3_0_0_0_0_1_0=9.8207035
state_1_0_0_0_0_1_1=11.958073
state_3_0_0_0_0_1_1=0.2989
state_2_0_0_0_0_1_1=6.895
state_3_0_0_1_1_0_1=0.14
state_3_0_0_1_1_0_2=0.2305
state_3_0_0_1_1_0_0=30.736607
state_2_1_0_1_1_1_2=0.36577
state_3_1_0_1_1_1_2=42.707863
state_3_1_0_1_1_1_1=42.944084
state_1_0_0_1_0_0_0=4.004695
state_1_0_0_1_0_0_1=0.2584
state_3_1_0_1_1_1_0=37.761677
state_2_1_0_1_1_1_0=0.49333724
state_1_1_0_1_1_1_0=27.812487
state_1_1_0_1_1_1_2=30.001598
state_2_1_0_0_1_1_1=0.1
state_2_1_0_0_1_1_0=15.7910385
state_1_1_0_0_1_1_0=23.276335
state_1_1_0_0_1_1_1=0.05
state_3_0_0_1_0_1_0=18.54308
state_3_0_0_1_0_1_1=6.1305
state_2_0_0_1_0_1_0=0.1
state_2_0_0_0_0_0_1=0.534168
state_1_0_0_0_0_0_0=7.7468534
state_2_0_0_0_0_0_0=8.710156
state_1_0_0_0_0_0_1=10.094188
state_3_0_0_0_0_0_1=0.08
state_2_0_1_0_0_1_1=0.1
state_2_0_1_0_0_1_0=10.1
state_3_0_0_0_0_0_0=1.5691876
state_1_0_1_0_0_1_0=10.226001
state_3_0_1_1_1_0_0=0.145
state_1_0_1_1_1_0_0=76.087
state_3_1_0_0_1_1_1=0.1
state_3_1_0_0_1_1_0=12.822427
state_3_0_0_0_1_1_0=39.397427
state_3_0_0_0_1_1_1=0.22600001
state_3_1_0_1_0_0_0=0.86681426
state_2_0_0_0_1_1_1=0.0725
state_2_0_0_0_1_1_0=16.09341
state_1_1_1_1_1_1_2=0.145
state_3_1_0_1_0_0_1=2.4976537
state_1_1_0_1_0_0_0=0.6105312
state_2_1_0_1_0_0_0=0.3657295
state_1_0_0_0_1_1_1=0.21700001
state_1_0_0_0_1_1_0=172.06071
state_1_1_0_1_0_0_1=0.271
state_1_0_0_1_0_1_1=22.8
state_1_0_0_1_0_1_0=6.220262
state_2_1_1_1_1_1_0=0.05
state_1_1_0_0_1_0_0=0.69892925
state_2_1_0_0_1_0_0=47.78142
state_2_0_1_1_1_1_2=0.033333335
state_3_0_0_1_0_0_0=11.345202
state_3_0_0_1_0_0_1=22.915901
state_2_0_0_1_0_0_0=0.19
state_1_1_1_0_0_1_0=0.033333335
state_3_1_0_0_1_0_0=1.9330144
state_1_0_1_1_1_1_0=20.743069
state_3_1_0_0_1_0_1=19.1
state_3_0_0_0_1_0_0=81.951485
state_3_0_0_0_1_0_1=15.729305
state_2_0_0_0_1_0_0=12.477419
state_2_0_0_0_1_0_1=0.123333335
state_3_1_0_1_0_1_1=12.090001
state_3_1_0_1_0_1_0=0.35951
state_2_1_0_1_0_1_0=4.36375
state_1_0_0_0_1_0_0=5.947854
state_1_0_0_0_1_0_1=0.4231031
state_1_1_0_1_0_1_0=12.023315
state_2_1_0_0_0_0_1=3.8498
state_2_1_0_0_0_0_0=0.7399916
state_3_1_1_1_1_0_0=20.1
state_1_1_0_0_0_0_0=1.1772932
state_2_1_1_1_1_0_0=84.4
state_1_1_0_0_0_0_1=0.37072664
state_1_0_0_1_1_1_0=37.199005
state_2_0_0_1_1_1_2=29.55214
state_3_0_0_1_1_1_2=112.83573
state_2_0_0_1_1_1_0=0.115
state_1_0_0_1_1_1_2=10.1497
state_3_1_0_0_0_1_1=0.354304
state_3_1_0_0_0_1_0=3.1856058
state_3_0_0_1_1_1_0=17.986326
state_3_0_0_1_1_1_1=0.20845
