state_3_1_0_1_1_0_2=0.36732605
state_3_0_1_0_0_0_1=7.55
state_1_1_0_0_0_1_1=18.05628
state_2_1_0_0_0_1_1=3.41306
state_2_1_0_0_0_1_0=13.9274435
state_1_1_0_0_0_1_0=54.151123
state_3_1_0_1_1_0_1=0.7080585
state_2_1_0_1_1_0_0=87.627846
state_3_1_0_1_1_0_0=16.90234
state_2_1_0_1_1_0_2=38.140743
state_1_1_0_1_1_0_1=0.1
state_1_1_0_1_1_0_0=239.31131
state_1_1_0_1_1_0_2=164.1794
state_1_0_0_1_1_0_1=133.51888
state_2_0_0_1_1_0_2=71.50686
state_1_0_0_1_1_0_2=48.20006
state_1_1_1_0_1_1_0=62.671673
state_2_0_0_1_1_0_0=75.11599
state_1_0_0_1_1_0_0=167.97186
state_3_1_0_0_0_0_0=13.130609
state_1_0_1_1_0_1_0=10.2875
state_3_1_0_0_0_0_1=4.870854
state_2_0_0_0_0_1_0=33.85779
state_1_0_0_0_0_1_0=50.48672
state_3_0_0_0_0_1_0=4.871868
state_1_0_0_0_0_1_1=41.68378
state_3_0_0_0_0_1_1=15.19
state_2_0_1_0_0_0_0=1.7166668
state_2_0_0_0_0_1_1=17.753593
state_3_0_0_1_1_0_1=0.1355
state_3_0_0_1_1_0_2=0.4677031
state_3_0_0_1_1_0_0=34.234776
state_2_1_0_1_1_1_2=39.705048
state_3_1_0_1_1_1_2=0.25266773
state_3_1_0_1_1_1_1=16.92931
state_3_0_1_0_0_1_0=0.1
state_1_0_0_1_0_0_0=66.83058
state_1_0_0_1_0_0_1=4.142667
state_3_1_0_1_1_1_0=18.73721
state_2_1_0_1_1_1_0=77.18701
state_1_1_0_1_1_1_0=138.7581
state_1_1_0_1_1_1_2=97.99069
state_2_1_0_0_1_1_1=12.766667
state_2_1_0_0_1_1_0=122.35087
state_1_1_0_0_1_1_0=176.84384
state_1_1_0_0_1_1_1=33.982666
state_3_0_0_1_0_1_0=15.020469
state_3_0_0_1_0_1_1=10.8905
state_2_0_0_1_0_1_0=7.86695
state_2_0_0_0_0_0_1=15.994244
state_1_0_0_0_0_0_0=39.780846
state_2_0_0_0_0_0_0=31.163935
state_1_0_0_0_0_0_1=38.32396
state_3_0_0_0_0_0_1=4.6895494
state_3_0_0_0_0_0_0=8.453189
state_1_0_1_0_0_1_0=10.01726
state_3_0_1_1_1_0_0=21.473333
state_2_0_1_1_1_0_2=19.2205
state_3_1_0_0_1_1_1=0.14
state_1_0_1_1_1_0_2=21.84
state_3_1_0_0_1_1_0=11.678742
state_3_0_0_0_1_1_0=32.137306
state_1_0_1_0_1_0_0=12.280001
state_3_0_0_0_1_1_1=0.05
state_3_1_0_1_0_0_0=9.209365
state_2_0_0_0_1_1_1=14.451118
state_2_0_0_0_1_1_0=135.92337
state_1_1_1_1_1_1_2=0.1
state_3_1_0_1_0_0_1=0.33170497
state_1_1_0_1_0_0_0=38.47645
state_3_1_1_1_1_1_2=0.033333335
state_2_1_0_1_0_0_0=11.63577
state_1_0_0_0_1_1_1=33.967567
state_3_1_1_1_1_1_0=0.05
state_2_1_0_1_0_0_1=4.066667
state_1_0_0_0_1_1_0=185.9501
state_1_1_0_1_0_0_1=33.994804
state_1_0_0_1_0_1_1=22.444834
state_1_0_0_1_0_1_0=69.51114
state_1_1_1_1_1_1_1=72.4
state_2_1_0_0_1_0_1=6.5233335
state_1_1_0_0_1_0_0=166.98416
state_2_1_0_0_1_0_0=73.35752
state_2_0_1_1_1_1_2=38.367554
state_1_1_0_0_1_0_1=12.811667
state_3_0_1_1_1_1_2=0.17199999
state_3_0_1_1_1_1_1=0.055
state_3_0_0_1_0_0_0=13.008317
state_3_0_0_1_0_0_1=6.4187183
state_3_1_1_0_0_1_0=0.033333335
state_2_0_0_1_0_0_0=11.513754
state_1_1_1_0_0_1_0=19.19
state_3_0_1_1_1_1_0=20.1
state_3_1_0_0_1_0_0=8.906929
state_2_0_1_1_1_1_0=20.1
state_1_0_1_1_1_1_0=131.11923
state_1_0_1_1_1_1_1=16.1
state_3_1_0_0_1_0_1=0.1805
state_1_0_1_1_1_1_2=39.585003
state_3_0_0_0_1_0_0=40.52861
state_3_0_0_0_1_0_1=0.14
state_2_0_0_0_1_0_0=164.9408
state_2_0_0_0_1_0_1=24.51947
state_1_0_1_0_1_1_0=111.90526
state_3_1_0_1_0_1_1=0.19
state_3_1_0_1_0_1_0=9.3871765
state_2_1_0_1_0_1_0=1.95
state_1_0_0_0_1_0_0=163.18567
state_1_0_0_0_1_0_1=35.735744
state_1_1_0_1_0_1_1=22.862999
state_1_1_0_1_0_1_0=46.242996
state_2_1_0_0_0_0_1=7.3388634
state_2_1_0_0_0_0_0=14.560457
state_1_1_0_0_0_0_0=55.477806
state_1_1_0_0_0_0_1=27.47841
state_1_1_1_1_1_0_2=27.300001
state_3_0_1_0_1_1_0=0.05
state_1_0_0_1_1_1_0=155.23941
state_2_0_0_1_1_1_2=47.251705
state_3_0_0_1_1_1_2=91.42499
state_2_0_0_1_1_1_0=136.1606
state_1_0_0_1_1_1_2=60.0213
state_3_1_0_0_0_1_1=0.19
state_3_1_0_0_0_1_0=12.201075
state_3_0_0_1_1_1_0=0.6210719
state_3_0_0_1_1_1_1=77.39835
